8
2, 3, 3
0, 0, 0
0, 0, 0
0, 0, 0
58, 58, 38, 42.4358, 8.8559, 11.0957, 11.0957, 34.818, 3.31029, 3.99018, 4.01017, 8.816, 3.83275, 0
58, 58, 38, 42.4358, 8.96623, 11.0957, 11.0957, 34.818, 3.30305, 4.1859, 4.27418, 8.816, 4.32319, 0
250032, 435, 200, 514.638, 427.52, 513.45, 514.044, 32.4031, 6.37637, 9.69893, 15.1622, 348, 3.41906, 0
250032, 435, 200, 514.638, 427.52, 513.45, 514.044, 32.4031, 6.37637, 9.69893, 15.1622, 348, 1.92094, 0
250032, 435, 200, 514.638, 427.52, 513.45, 514.044, 32.4031, 6.37637, 9.69893, 15.1622, 348, 3.41906, 0
1417, 321, 38, 517.271, 381.709, 511.628, 516.616, 254.777, 8.68145, 28.9205, 48.9817, 631.177, 4.65725, 0
1527, 280, 38, 516.949, 424.759, 516.62, 516.75, 59.9247, 8.2234, 30.673, 42.0117, 549.998, 4.65725, 0
1484, 277, 38, 4788.21, 412.983, 511.547, 516.763, 4298.38, 23.9961, 28.8205, 37.4124, 543.639, 4.65725, 0

8
2, 3, 3
0, 0, 0
0, 0, 0
0, 0, 0
58, 58, 38, 42.4358, 8.8559, 11.0957, 11.0957, 34.818, 3.31029, 3.99018, 4.01017, 8.816, 3.83275, 0
58, 58, 38, 42.4358, 8.96623, 11.0957, 11.0957, 34.818, 3.30305, 4.1859, 4.27418, 8.816, 4.32319, 0
250032, 435, 200, 514.638, 427.52, 513.45, 514.044, 32.4031, 6.37637, 9.69893, 15.1622, 348, 3.41906, 0
250032, 435, 200, 514.638, 427.52, 513.45, 514.044, 32.4031, 6.37637, 9.69893, 15.1622, 348, 1.92094, 0
250032, 435, 200, 514.638, 427.52, 513.45, 514.044, 32.4031, 6.37637, 9.69893, 15.1622, 348, 3.41906, 0
1417, 321, 38, 517.271, 381.709, 511.628, 516.616, 254.777, 8.68145, 28.9205, 48.9817, 631.177, 4.65725, 0
1527, 280, 38, 516.949, 424.759, 516.62, 516.75, 59.9247, 8.2234, 30.673, 42.0117, 549.998, 4.65725, 0
1484, 277, 38, 4788.21, 412.983, 511.547, 516.763, 4298.38, 23.9961, 28.8205, 37.4124, 543.639, 4.65725, 0

